﻿,date,체결가,전일비,거래대금
159,2020.01.02,674.02,4.19,"4,476,504"
158,2020.01.03,669.93,4.09,"5,540,086"
157,2020.01.06,655.31,14.62,"4,961,872"
156,2020.01.07,663.44,8.13,"5,302,183"
155,2020.01.08,640.94,22.50,"7,034,355"
154,2020.01.09,666.09,25.15,"5,261,765"
153,2020.01.10,673.03,6.94,"4,913,661"
152,2020.01.13,679.22,6.19,"4,843,152"
151,2020.01.14,678.71,0.51,"5,205,779"
150,2020.01.15,679.16,0.45,"4,233,510"
149,2020.01.16,686.52,7.36,"5,239,369"
148,2020.01.17,688.41,1.89,"5,544,314"
147,2020.01.20,683.47,4.94,"5,916,227"
146,2020.01.21,676.52,6.95,"5,569,469"
145,2020.01.22,688.25,11.73,"4,631,042"
144,2020.01.23,685.57,2.68,"5,009,218"
143,2020.01.28,664.70,20.87,"6,991,101"
142,2020.01.29,670.18,5.48,"5,573,599"
141,2020.01.30,656.39,13.79,"6,228,414"
140,2020.01.31,642.48,13.91,"6,458,896"
139,2020.02.03,646.85,4.37,"6,081,593"
138,2020.02.04,661.24,14.39,"5,073,960"
137,2020.02.05,661.32,0.08,"5,266,753"
136,2020.02.06,672.69,11.37,"4,609,410"
135,2020.02.07,672.63,0.06,"5,232,691"
134,2020.02.10,676.07,3.44,"4,829,779"
133,2020.02.11,682.34,6.27,"5,516,294"
132,2020.02.12,686.59,4.25,"6,045,972"
131,2020.02.13,687.61,1.02,"6,993,822"
130,2020.02.14,688.91,1.30,"7,351,634"
129,2020.02.17,692.59,3.68,"6,524,735"
128,2020.02.18,682.92,9.67,"7,509,559"
127,2020.02.19,684.78,1.86,"7,629,860"
126,2020.02.20,681.66,3.12,"8,799,125"
125,2020.02.21,667.99,13.67,"8,134,693"
124,2020.02.24,639.29,28.70,"8,178,363"
123,2020.02.25,656.95,17.66,"6,189,111"
122,2020.02.26,654.63,2.32,"6,137,280"
121,2020.02.27,638.17,16.46,"7,715,985"
120,2020.02.28,610.73,27.44,"8,020,425"
119,2020.03.02,627.66,16.93,"6,153,922"
118,2020.03.03,626.82,0.84,"6,053,621"
117,2020.03.04,641.73,14.91,"5,659,995"
116,2020.03.05,650.19,8.46,"6,397,649"
115,2020.03.06,642.72,7.47,"7,238,871"
114,2020.03.09,614.60,28.12,"8,683,416"
113,2020.03.10,619.97,5.37,"9,633,330"
112,2020.03.11,595.61,24.36,"8,354,953"
111,2020.03.12,563.49,32.12,"8,049,548"
110,2020.03.13,524.00,39.49,"8,152,013"
109,2020.03.16,504.51,19.49,"7,219,385"
108,2020.03.17,514.73,10.22,"7,993,286"
107,2020.03.18,485.14,29.59,"7,410,179"
106,2020.03.19,428.35,56.79,"8,575,181"
105,2020.03.20,467.75,39.40,"6,503,974"
104,2020.03.23,443.76,23.99,"6,163,699"
103,2020.03.24,480.40,36.64,"6,742,315"
102,2020.03.25,505.68,25.28,"9,686,607"
101,2020.03.26,516.61,10.93,"11,902,864"
100,2020.03.27,522.83,6.22,"14,845,252"
99,2020.03.30,542.11,19.28,"9,610,628"
98,2020.03.31,569.07,26.96,"13,672,046"
97,2020.04.01,551.84,17.23,"13,461,988"
96,2020.04.02,567.70,15.86,"10,992,105"
95,2020.04.03,573.01,5.31,"9,453,490"
94,2020.04.06,597.21,24.20,"9,876,607"
93,2020.04.07,606.90,9.69,"13,276,333"
92,2020.04.08,607.37,0.47,"12,763,686"
91,2020.04.09,615.95,8.58,"9,552,047"
90,2020.04.10,611.26,4.69,"10,153,608"
89,2020.04.13,596.71,14.55,"10,096,969"
88,2020.04.14,610.29,13.58,"8,357,337"
87,2020.04.16,623.43,13.14,"8,217,243"
86,2020.04.17,634.79,11.36,"9,115,282"
85,2020.04.20,637.82,3.03,"9,532,297"
84,2020.04.21,628.77,9.05,"12,731,402"
83,2020.04.22,635.16,6.39,"9,185,269"
82,2020.04.23,643.79,8.63,"10,091,678"
81,2020.04.24,632.96,10.83,"8,847,938"
80,2020.04.27,646.86,13.90,"7,697,761"
79,2020.04.28,644.93,1.93,"8,179,500"
78,2020.04.29,645.18,0.25,"7,967,208"
77,2020.05.04,641.91,3.27,"6,695,809"
76,2020.05.06,658.40,16.49,"8,491,492"
75,2020.05.07,668.17,9.77,"8,831,807"
74,2020.05.08,682.30,14.13,"9,622,021"
73,2020.05.11,685.04,2.74,"10,447,899"
72,2020.05.12,684.21,0.83,"10,034,743"
71,2020.05.13,691.53,7.32,"9,717,013"
70,2020.05.14,690.57,0.96,"13,051,237"
69,2020.05.15,691.93,1.36,"12,394,013"
68,2020.05.18,690.85,1.08,"10,497,458"
67,2020.05.19,696.36,5.51,"11,873,294"
66,2020.05.20,708.76,12.40,"10,475,840"
65,2020.05.21,716.02,7.26,"11,336,859"
64,2020.05.22,708.58,7.44,"10,791,248"
63,2020.05.25,719.89,11.31,"9,460,186"
62,2020.05.26,729.11,9.22,"10,344,399"
61,2020.05.27,724.59,4.52,"10,577,662"
60,2020.05.28,708.75,15.84,"11,912,397"
59,2020.05.29,713.68,4.93,"8,503,015"
58,2020.06.01,735.72,22.04,"10,325,550"
57,2020.06.02,743.58,7.86,"10,733,016"
56,2020.06.03,737.66,5.92,"11,559,145"
55,2020.06.04,742.37,4.71,"9,774,409"
54,2020.06.05,749.31,6.94,"8,656,169"
53,2020.06.08,753.04,3.73,"9,120,474"
52,2020.06.09,753.82,0.78,"10,343,145"
51,2020.06.10,758.62,4.80,"12,213,263"
50,2020.06.11,757.06,1.56,"13,508,483"
49,2020.06.12,746.06,11.00,"11,700,600"
48,2020.06.15,693.15,52.91,"12,260,630"
47,2020.06.16,735.38,42.23,"10,669,159"
46,2020.06.17,735.40,0.02,"10,425,319"
45,2020.06.18,737.33,1.93,"10,605,932"
44,2020.06.19,742.03,4.70,"12,365,576"
43,2020.06.22,751.64,9.61,"10,511,545"
42,2020.06.23,753.23,1.59,"11,682,636"
41,2020.06.24,759.50,6.27,"11,763,015"
40,2020.06.25,750.36,9.14,"11,212,779"
39,2020.06.26,750.58,0.22,"11,787,915"
38,2020.06.29,734.69,15.89,"9,278,719"
37,2020.06.30,737.97,3.28,"10,528,654"
36,2020.07.01,727.58,10.39,"8,563,272"
35,2020.07.02,742.55,14.97,"7,539,546"
34,2020.07.03,752.18,9.63,"10,147,594"
33,2020.07.06,759.90,7.72,"8,304,840"
32,2020.07.07,759.16,0.74,"10,083,403"
31,2020.07.08,765.96,6.80,"10,447,531"
30,2020.07.09,772.90,6.94,"10,387,777"
29,2020.07.10,772.81,0.09,"12,857,389"
28,2020.07.13,781.19,8.38,"10,852,689"
27,2020.07.14,778.39,2.80,"12,279,852"
26,2020.07.15,781.29,2.90,"11,307,493"
25,2020.07.16,775.07,6.22,"11,153,409"
24,2020.07.17,783.22,8.15,"8,582,996"
23,2020.07.20,781.96,1.26,"9,279,615"
22,2020.07.21,790.58,8.62,"10,341,745"
21,2020.07.22,794.99,4.41,"11,376,188"
20,2020.07.23,801.69,6.70,"13,661,425"
19,2020.07.24,794.80,6.89,"12,472,640"
18,2020.07.27,801.23,6.43,"10,426,711"
17,2020.07.28,807.85,6.62,"11,968,083"
16,2020.07.29,808.59,0.74,"10,594,912"
15,2020.07.30,814.19,5.60,"13,271,127"
14,2020.07.31,815.30,1.11,"13,058,945"
13,2020.08.03,827.57,12.27,"14,512,981"
12,2020.08.04,835.35,7.78,"13,940,170"
11,2020.08.05,847.28,11.93,"12,744,683"
10,2020.08.06,854.12,6.84,"14,220,423"
9,2020.08.07,857.63,3.51,"14,574,967"
8,2020.08.10,862.76,5.13,"12,625,988"
7,2020.08.11,860.23,2.53,"13,343,016"
6,2020.08.12,845.60,14.63,"14,357,658"
5,2020.08.13,854.77,9.17,"14,868,747"
4,2020.08.14,835.03,19.74,"13,842,550"
3,2020.08.18,800.22,34.81,"15,861,822"
2,2020.08.19,818.74,18.52,"14,760,513"
1,2020.08.20,791.14,27.60,"15,393,962"
0,2020.08.21,801.46,10.32,"12,485,654"
